[gd_scene load_steps=41 format=3 uid="uid://c57yv34qdd03m"]

[ext_resource type="ArrayMesh" uid="uid://cmbd8glvvdij7" path="res://model/kira/import/kira_kira body.res" id="1_hno4j"]
[ext_resource type="ArrayMesh" uid="uid://cgyldmgpn2jof" path="res://model/kira/import/kira_Flashlight.res" id="1_kouu1"]
[ext_resource type="Script" path="res://gd/kira.gd" id="1_rj8tn"]
[ext_resource type="Script" path="res://gd/mine.gd" id="2_ypnxy"]
[ext_resource type="AudioStream" uid="uid://clqphutq2c6ik" path="res://sounds/mining_1.wav" id="4_fhqx6"]
[ext_resource type="AudioStream" uid="uid://dx8p1hfdbkh7c" path="res://sounds/mining_2.wav" id="5_ii3nv"]
[ext_resource type="AudioStream" uid="uid://gefqb7b6kyht" path="res://sounds/footstep_1.wav" id="5_k6pbt"]
[ext_resource type="AudioStream" uid="uid://cnr74rk8xw3ln" path="res://sounds/mining_3.wav" id="6_58sy8"]
[ext_resource type="AudioStream" uid="uid://67lt50iulhqx" path="res://sounds/footstep_2.wav" id="6_vi622"]
[ext_resource type="AudioStream" uid="uid://c2rhi5hnd15p8" path="res://sounds/mining_missed_1.wav" id="7_12al0"]
[ext_resource type="AudioStream" uid="uid://cx031ublu0130" path="res://sounds/footstep_3.wav" id="7_scfgg"]
[ext_resource type="AudioStream" uid="uid://cyyyu56sgn7wp" path="res://sounds/footstep_4.wav" id="8_uax0j"]
[ext_resource type="AudioStream" uid="uid://daxus476nsewh" path="res://sounds/teleport.wav" id="12_md2xs"]
[ext_resource type="AudioStream" uid="uid://boghwv6261b6w" path="res://sounds/jump_1.wav" id="13_64yy2"]

[sub_resource type="BoxMesh" id="BoxMesh_ppuab"]
size = Vector3(1.001, 1.001, 1.001)

[sub_resource type="StandardMaterial3D" id="StandardMaterial3D_4ynq5"]
vertex_color_use_as_albedo = true

[sub_resource type="ArrayMesh" id="ArrayMesh_7xcch"]
_surfaces = [{
"aabb": AABB(-0.0100039, -0.375, -0.159999, 0.0200001, 0.77, 0.320001),
"format": 4097,
"index_count": 84,
"index_data": PackedByteArray(0, 0, 3, 0, 1, 0, 0, 0, 2, 0, 3, 0, 2, 0, 5, 0, 3, 0, 2, 0, 4, 0, 5, 0, 4, 0, 7, 0, 5, 0, 4, 0, 6, 0, 7, 0, 6, 0, 9, 0, 7, 0, 6, 0, 8, 0, 9, 0, 8, 0, 1, 0, 9, 0, 8, 0, 0, 0, 1, 0, 8, 0, 2, 0, 0, 0, 2, 0, 6, 0, 4, 0, 2, 0, 8, 0, 6, 0, 5, 0, 1, 0, 3, 0, 1, 0, 7, 0, 9, 0, 1, 0, 5, 0, 7, 0, 10, 0, 13, 0, 11, 0, 10, 0, 12, 0, 13, 0, 12, 0, 17, 0, 13, 0, 12, 0, 16, 0, 17, 0, 16, 0, 15, 0, 17, 0, 16, 0, 14, 0, 15, 0, 14, 0, 11, 0, 15, 0, 14, 0, 10, 0, 11, 0, 12, 0, 14, 0, 16, 0, 12, 0, 10, 0, 14, 0, 17, 0, 11, 0, 13, 0, 17, 0, 15, 0, 11, 0),
"primitive": 3,
"vertex_count": 18,
"vertex_data": PackedByteArray(0, 0, 0, 0, 0, 0, 192, 190, 246, 214, 35, 188, 0, 0, 0, 0, 0, 0, 192, 62, 246, 214, 35, 188, 64, 210, 27, 60, 0, 0, 192, 190, 89, 132, 74, 187, 64, 210, 27, 60, 0, 0, 192, 62, 89, 132, 74, 187, 15, 155, 192, 59, 0, 0, 192, 190, 146, 140, 4, 60, 15, 155, 192, 59, 0, 0, 192, 62, 146, 140, 4, 60, 15, 155, 192, 187, 0, 0, 192, 190, 146, 140, 4, 60, 15, 155, 192, 187, 0, 0, 192, 62, 146, 140, 4, 60, 64, 210, 27, 188, 0, 0, 192, 190, 89, 132, 74, 187, 64, 210, 27, 188, 0, 0, 192, 62, 89, 132, 74, 187, 127, 230, 35, 188, 2, 0, 192, 62, 109, 215, 35, 62, 87, 231, 35, 188, 120, 61, 202, 62, 114, 215, 35, 62, 93, 230, 35, 188, 4, 0, 192, 62, 203, 214, 35, 190, 53, 231, 35, 188, 122, 61, 202, 62, 198, 214, 35, 190, 221, 198, 35, 60, 2, 0, 192, 62, 109, 215, 35, 62, 5, 198, 35, 60, 120, 61, 202, 62, 114, 215, 35, 62, 255, 198, 35, 60, 4, 0, 192, 62, 203, 214, 35, 190, 39, 198, 35, 60, 122, 61, 202, 62, 198, 214, 35, 190)
}]
blend_shape_mode = 0

[sub_resource type="ArrayMesh" id="ArrayMesh_j3n1y"]
resource_name = "kira_pipe"
_surfaces = [{
"aabb": AABB(-0.0100039, -0.375, -0.159999, 0.0200001, 0.77, 0.320001),
"attribute_data": PackedByteArray(255, 255, 255, 255, 0, 0, 0, 51, 0, 0, 0, 63, 255, 255, 255, 255, 0, 0, 64, 63, 92, 143, 2, 63, 255, 255, 255, 255, 0, 0, 128, 63, 0, 0, 0, 63, 255, 255, 255, 255, 0, 0, 0, 51, 0, 0, 0, 0, 255, 255, 255, 255, 0, 0, 0, 51, 0, 0, 0, 0, 255, 255, 255, 255, 0, 0, 128, 63, 0, 0, 0, 0, 255, 255, 255, 255, 205, 204, 76, 63, 0, 0, 0, 63, 255, 255, 255, 255, 205, 204, 76, 63, 0, 0, 0, 63, 255, 255, 255, 255, 211, 110, 122, 63, 149, 3, 45, 63, 255, 255, 255, 255, 205, 204, 76, 63, 0, 0, 0, 0, 255, 255, 255, 255, 205, 204, 76, 63, 0, 0, 0, 0, 255, 255, 255, 255, 205, 204, 76, 63, 0, 0, 0, 0, 255, 255, 255, 255, 154, 153, 25, 63, 0, 0, 0, 63, 255, 255, 255, 255, 154, 153, 25, 63, 0, 0, 0, 63, 255, 255, 255, 255, 16, 29, 100, 63, 189, 180, 113, 63, 255, 255, 255, 255, 154, 153, 25, 63, 0, 0, 0, 0, 255, 255, 255, 255, 154, 153, 25, 63, 0, 0, 0, 0, 255, 255, 255, 255, 154, 153, 25, 63, 0, 0, 0, 0, 255, 255, 255, 255, 206, 204, 204, 62, 0, 0, 0, 63, 255, 255, 255, 255, 206, 204, 204, 62, 0, 0, 0, 63, 255, 255, 255, 255, 240, 226, 27, 63, 189, 180, 113, 63, 255, 255, 255, 255, 206, 204, 204, 62, 0, 0, 0, 0, 255, 255, 255, 255, 206, 204, 204, 62, 0, 0, 0, 0, 255, 255, 255, 255, 206, 204, 204, 62, 0, 0, 0, 0, 255, 255, 255, 255, 207, 204, 76, 62, 0, 0, 0, 63, 255, 255, 255, 255, 207, 204, 76, 62, 0, 0, 0, 63, 255, 255, 255, 255, 45, 145, 5, 63, 149, 3, 45, 63, 255, 255, 255, 255, 207, 204, 76, 62, 0, 0, 0, 0, 255, 255, 255, 255, 207, 204, 76, 62, 0, 0, 0, 0, 255, 255, 255, 255, 207, 204, 76, 62, 0, 0, 0, 0, 255, 255, 255, 255, 0, 0, 0, 62, 0, 0, 128, 62, 255, 255, 255, 255, 0, 0, 192, 62, 0, 0, 0, 0, 255, 255, 255, 255, 0, 0, 192, 62, 0, 0, 128, 63, 255, 255, 255, 255, 0, 0, 32, 63, 0, 0, 0, 0, 255, 255, 255, 255, 0, 0, 32, 63, 0, 0, 128, 63, 255, 255, 255, 255, 0, 0, 96, 63, 0, 0, 128, 62, 255, 255, 255, 255, 0, 0, 0, 62, 0, 0, 0, 63, 255, 255, 255, 255, 0, 0, 192, 62, 0, 0, 64, 63, 255, 255, 255, 255, 0, 0, 192, 62, 0, 0, 64, 63, 255, 255, 255, 255, 0, 0, 32, 63, 0, 0, 64, 63, 255, 255, 255, 255, 0, 0, 32, 63, 0, 0, 64, 63, 255, 255, 255, 255, 0, 0, 96, 63, 0, 0, 0, 63, 255, 255, 255, 255, 0, 0, 192, 62, 0, 0, 128, 62, 255, 255, 255, 255, 0, 0, 192, 62, 0, 0, 128, 62, 255, 255, 255, 255, 0, 0, 192, 62, 0, 0, 128, 62, 255, 255, 255, 255, 0, 0, 32, 63, 0, 0, 128, 62, 255, 255, 255, 255, 0, 0, 32, 63, 0, 0, 128, 62, 255, 255, 255, 255, 0, 0, 32, 63, 0, 0, 128, 62, 255, 255, 255, 255, 0, 0, 192, 62, 0, 0, 0, 63, 255, 255, 255, 255, 0, 0, 192, 62, 0, 0, 0, 63, 255, 255, 255, 255, 0, 0, 192, 62, 0, 0, 0, 63, 255, 255, 255, 255, 0, 0, 32, 63, 0, 0, 0, 63, 255, 255, 255, 255, 0, 0, 32, 63, 0, 0, 0, 63, 255, 255, 255, 255, 0, 0, 32, 63, 0, 0, 0, 63),
"format": 4127,
"index_count": 84,
"index_data": PackedByteArray(2, 0, 10, 0, 5, 0, 2, 0, 6, 0, 10, 0, 7, 0, 17, 0, 11, 0, 7, 0, 13, 0, 17, 0, 12, 0, 22, 0, 15, 0, 12, 0, 19, 0, 22, 0, 18, 0, 27, 0, 21, 0, 18, 0, 24, 0, 27, 0, 25, 0, 3, 0, 28, 0, 25, 0, 0, 0, 3, 0, 26, 0, 8, 0, 1, 0, 8, 0, 20, 0, 14, 0, 8, 0, 26, 0, 20, 0, 16, 0, 4, 0, 9, 0, 4, 0, 23, 0, 29, 0, 4, 0, 16, 0, 23, 0, 32, 0, 39, 0, 34, 0, 32, 0, 37, 0, 39, 0, 38, 0, 51, 0, 40, 0, 38, 0, 49, 0, 51, 0, 50, 0, 47, 0, 53, 0, 50, 0, 44, 0, 47, 0, 43, 0, 33, 0, 45, 0, 43, 0, 31, 0, 33, 0, 36, 0, 42, 0, 48, 0, 36, 0, 30, 0, 42, 0, 52, 0, 35, 0, 41, 0, 52, 0, 46, 0, 35, 0),
"material": SubResource("StandardMaterial3D_4ynq5"),
"primitive": 3,
"vertex_count": 54,
"vertex_data": PackedByteArray(0, 0, 0, 0, 0, 0, 192, 190, 246, 214, 35, 188, 0, 0, 33, 202, 221, 53, 255, 191, 0, 0, 0, 0, 0, 0, 192, 190, 246, 214, 35, 188, 255, 127, 0, 0, 255, 255, 255, 63, 0, 0, 0, 0, 0, 0, 192, 190, 246, 214, 35, 188, 255, 255, 33, 202, 0, 0, 237, 218, 0, 0, 0, 0, 0, 0, 192, 62, 246, 214, 35, 188, 0, 0, 33, 202, 221, 53, 255, 191, 0, 0, 0, 0, 0, 0, 192, 62, 246, 214, 35, 188, 255, 127, 255, 255, 255, 255, 255, 191, 0, 0, 0, 0, 0, 0, 192, 62, 246, 214, 35, 188, 255, 255, 33, 202, 0, 0, 237, 218, 64, 210, 27, 60, 0, 0, 192, 190, 89, 132, 74, 187, 255, 255, 33, 202, 0, 0, 237, 218, 64, 210, 27, 60, 0, 0, 192, 190, 89, 132, 74, 187, 155, 224, 255, 127, 255, 255, 77, 240, 64, 210, 27, 60, 0, 0, 192, 190, 89, 132, 74, 187, 255, 127, 0, 0, 255, 255, 255, 63, 64, 210, 27, 60, 0, 0, 192, 62, 89, 132, 74, 187, 255, 127, 255, 255, 255, 255, 255, 191, 64, 210, 27, 60, 0, 0, 192, 62, 89, 132, 74, 187, 255, 255, 33, 202, 0, 0, 237, 218, 64, 210, 27, 60, 0, 0, 192, 62, 89, 132, 74, 187, 155, 224, 255, 127, 255, 255, 77, 240, 15, 155, 192, 59, 0, 0, 192, 190, 146, 140, 4, 60, 255, 127, 255, 127, 255, 255, 255, 191, 15, 155, 192, 59, 0, 0, 192, 190, 146, 140, 4, 60, 155, 224, 255, 127, 255, 255, 77, 240, 15, 155, 192, 59, 0, 0, 192, 190, 146, 140, 4, 60, 255, 127, 0, 0, 255, 255, 255, 63, 15, 155, 192, 59, 0, 0, 192, 62, 146, 140, 4, 60, 255, 127, 255, 127, 255, 255, 255, 191, 15, 155, 192, 59, 0, 0, 192, 62, 146, 140, 4, 60, 255, 127, 255, 255, 255, 255, 255, 191, 15, 155, 192, 59, 0, 0, 192, 62, 146, 140, 4, 60, 155, 224, 255, 127, 255, 255, 77, 240, 15, 155, 192, 187, 0, 0, 192, 190, 146, 140, 4, 60, 99, 31, 255, 127, 98, 159, 255, 191, 15, 155, 192, 187, 0, 0, 192, 190, 146, 140, 4, 60, 255, 127, 255, 127, 255, 255, 255, 191, 15, 155, 192, 187, 0, 0, 192, 190, 146, 140, 4, 60, 255, 127, 0, 0, 255, 255, 255, 63, 15, 155, 192, 187, 0, 0, 192, 62, 146, 140, 4, 60, 99, 31, 255, 127, 98, 159, 255, 191, 15, 155, 192, 187, 0, 0, 192, 62, 146, 140, 4, 60, 255, 127, 255, 127, 255, 255, 255, 191, 15, 155, 192, 187, 0, 0, 192, 62, 146, 140, 4, 60, 255, 127, 255, 255, 255, 255, 255, 191, 64, 210, 27, 188, 0, 0, 192, 190, 89, 132, 74, 187, 99, 31, 255, 127, 98, 159, 255, 191, 64, 210, 27, 188, 0, 0, 192, 190, 89, 132, 74, 187, 0, 0, 33, 202, 221, 53, 255, 191, 64, 210, 27, 188, 0, 0, 192, 190, 89, 132, 74, 187, 255, 127, 0, 0, 255, 255, 255, 63, 64, 210, 27, 188, 0, 0, 192, 62, 89, 132, 74, 187, 99, 31, 255, 127, 98, 159, 255, 191, 64, 210, 27, 188, 0, 0, 192, 62, 89, 132, 74, 187, 0, 0, 33, 202, 221, 53, 255, 191, 64, 210, 27, 188, 0, 0, 192, 62, 89, 132, 74, 187, 255, 127, 255, 255, 255, 255, 255, 191, 127, 230, 35, 188, 2, 0, 192, 62, 109, 215, 35, 62, 255, 127, 0, 0, 255, 255, 255, 191, 127, 230, 35, 188, 2, 0, 192, 62, 109, 215, 35, 62, 255, 127, 255, 127, 255, 127, 254, 255, 127, 230, 35, 188, 2, 0, 192, 62, 109, 215, 35, 62, 0, 0, 255, 127, 255, 127, 254, 255, 87, 231, 35, 188, 120, 61, 202, 62, 114, 215, 35, 62, 255, 127, 255, 127, 255, 127, 254, 255, 87, 231, 35, 188, 120, 61, 202, 62, 114, 215, 35, 62, 0, 0, 255, 127, 255, 127, 254, 255, 87, 231, 35, 188, 120, 61, 202, 62, 114, 215, 35, 62, 255, 127, 255, 255, 0, 0, 255, 191, 93, 230, 35, 188, 4, 0, 192, 62, 203, 214, 35, 190, 255, 127, 0, 0, 255, 255, 255, 191, 93, 230, 35, 188, 4, 0, 192, 62, 203, 214, 35, 190, 0, 0, 255, 127, 255, 127, 254, 255, 93, 230, 35, 188, 4, 0, 192, 62, 203, 214, 35, 190, 255, 255, 255, 255, 255, 127, 254, 255, 53, 231, 35, 188, 122, 61, 202, 62, 198, 214, 35, 190, 0, 0, 255, 127, 255, 127, 254, 255, 53, 231, 35, 188, 122, 61, 202, 62, 198, 214, 35, 190, 255, 255, 255, 255, 255, 127, 254, 255, 53, 231, 35, 188, 122, 61, 202, 62, 198, 214, 35, 190, 255, 127, 255, 255, 0, 0, 255, 191, 221, 198, 35, 60, 2, 0, 192, 62, 109, 215, 35, 62, 255, 127, 0, 0, 255, 255, 255, 191, 221, 198, 35, 60, 2, 0, 192, 62, 109, 215, 35, 62, 255, 127, 255, 127, 255, 127, 254, 255, 221, 198, 35, 60, 2, 0, 192, 62, 109, 215, 35, 62, 255, 255, 255, 127, 255, 127, 254, 255, 5, 198, 35, 60, 120, 61, 202, 62, 114, 215, 35, 62, 255, 127, 255, 127, 255, 127, 254, 255, 5, 198, 35, 60, 120, 61, 202, 62, 114, 215, 35, 62, 255, 127, 255, 255, 0, 0, 255, 191, 5, 198, 35, 60, 120, 61, 202, 62, 114, 215, 35, 62, 255, 255, 255, 127, 255, 127, 254, 255, 255, 198, 35, 60, 4, 0, 192, 62, 203, 214, 35, 190, 255, 127, 0, 0, 255, 255, 255, 191, 255, 198, 35, 60, 4, 0, 192, 62, 203, 214, 35, 190, 255, 255, 255, 255, 255, 127, 254, 255, 255, 198, 35, 60, 4, 0, 192, 62, 203, 214, 35, 190, 255, 255, 255, 127, 255, 127, 254, 255, 39, 198, 35, 60, 122, 61, 202, 62, 198, 214, 35, 190, 255, 255, 255, 255, 255, 127, 254, 255, 39, 198, 35, 60, 122, 61, 202, 62, 198, 214, 35, 190, 255, 127, 255, 255, 0, 0, 255, 191, 39, 198, 35, 60, 122, 61, 202, 62, 198, 214, 35, 190, 255, 255, 255, 127, 255, 127, 254, 255)
}]
blend_shape_mode = 0
shadow_mesh = SubResource("ArrayMesh_7xcch")

[sub_resource type="AudioStreamRandomizer" id="AudioStreamRandomizer_xi26h"]
streams_count = 3
random_volume_offset_db = 0.0
stream_0/stream = ExtResource("4_fhqx6")
stream_0/weight = 1.0
stream_1/stream = ExtResource("5_ii3nv")
stream_1/weight = 1.0
stream_2/stream = ExtResource("6_58sy8")
stream_2/weight = 1.0

[sub_resource type="SphereMesh" id="SphereMesh_2a2fe"]
radius = 0.1
height = 0.2

[sub_resource type="Skin" id="Skin_pbhh1"]
resource_name = "Skin"
bind_count = 63
bind/0/name = &"Hips"
bind/0/bone = -1
bind/0/pose = Transform3D(1, 0, 0, 0, 1, 0, 0, 0, 1, 0, -0.934319, 0)
bind/1/name = &"Spine"
bind/1/bone = -1
bind/1/pose = Transform3D(1, -2.42288e-09, 2.35838e-09, 2.35838e-09, 0.999636, 0.0269767, -2.42288e-09, -0.0269767, 0.999636, 1.02439e-09, -0.992346, 0.0114057)
bind/2/name = &"Chest"
bind/2/bone = -1
bind/2/pose = Transform3D(1, 1.51466e-08, -1.88577e-08, -1.88577e-08, 0.976458, -0.215707, 1.51466e-08, 0.215707, 0.976458, -1.78932e-08, -1.06896, -0.254824)
bind/3/name = &"Breast_L"
bind/3/bone = -1
bind/3/pose = Transform3D(-0.767346, -0.332313, 0.548405, 0.548405, 0.103116, 0.829831, -0.332313, 0.937515, 0.103116, 0.396214, -0.20763, -1.10959)
bind/4/name = &"J_Sec_L_Bust2"
bind/4/bone = -1
bind/4/pose = Transform3D(-0.767346, -0.332314, 0.548405, 0.548405, 0.103116, 0.829831, -0.332313, 0.937515, 0.103116, 0.396214, -0.248452, -1.10959)
bind/5/name = &"Breast_R"
bind/5/bone = -1
bind/5/pose = Transform3D(-0.767346, 0.332313, -0.548405, -0.548404, 0.103116, 0.829831, 0.332313, 0.937515, 0.103116, -0.396214, -0.20763, -1.10959)
bind/6/name = &"J_Sec_R_Bust2"
bind/6/bone = -1
bind/6/pose = Transform3D(-0.767346, 0.332314, -0.548405, -0.548404, 0.103116, 0.829831, 0.332314, 0.937515, 0.103116, -0.396215, -0.248452, -1.10959)
bind/7/name = &"Neck"
bind/7/bone = -1
bind/7/pose = Transform3D(1, -1.74022e-08, 1.52881e-08, 1.52881e-08, 0.99167, 0.128807, -1.74022e-08, -0.128807, 0.99167, 2.63097e-08, -1.30969, 0.202072)
bind/8/name = &"Head"
bind/8/bone = -1
bind/8/pose = Transform3D(1, -2.22045e-16, -1.77636e-15, 1.55431e-15, 1, -2.76101e-30, 3.55271e-15, -7.88861e-31, 1, 1.70252e-09, -1.39409, 0.0226932)
bind/9/name = &"Eye_L"
bind/9/bone = -1
bind/9/pose = Transform3D(1, -2.06583e-07, 1.41318e-07, 1.41318e-07, 0.932008, 0.362439, -2.06583e-07, -0.362439, 0.932008, -0.00891284, -1.35637, 0.526421)
bind/10/name = &"Eye_R"
bind/10/bone = -1
bind/10/pose = Transform3D(1, -2.06583e-07, 1.41318e-07, 1.41318e-07, 0.932008, 0.362439, -2.06583e-07, -0.362439, 0.932008, 0.00891343, -1.35637, 0.526421)
bind/11/name = &"Left shoulder"
bind/11/bone = -1
bind/11/pose = Transform3D(0.0220685, 0.146906, 0.988904, 0.988904, -0.148555, 6.33299e-08, 0.146906, 0.977932, -0.148555, -0.167855, 0.173319, -1.27753)
bind/12/name = &"Left arm"
bind/12/bone = -1
bind/12/pose = Transform3D(-7.45058e-09, -4.47035e-08, 1, 1, 4.47035e-08, 8.56816e-08, -1.11022e-16, 1, 1.49012e-08, 0.0237905, -0.0841432, -1.2901)
bind/13/name = &"Left elbow"
bind/13/bone = -1
bind/13/pose = Transform3D(-0.00184851, -1.24675e-05, 0.999998, 0.999998, 1.24891e-05, 0.00184859, -1.24675e-05, 1, 1.24146e-05, 0.0243422, -0.289757, -1.2901)
bind/14/name = &"Left wrist"
bind/14/bone = -1
bind/14/pose = Transform3D(0.0261175, -0.0741944, 0.996902, 0.996902, 0.0759482, -0.020465, -0.0741944, 0.994348, 0.075948, 0.10651, -0.57834, -1.24532)
bind/15/name = &"IndexFinger1_L"
bind/15/bone = -1
bind/15/pose = Transform3D(0.0205057, 3.11711e-08, 0.99979, 0.999789, 6.643e-08, -0.0205056, -1.58147e-08, 1, -4.43885e-08, -0.0057583, -0.538634, -1.29671)
bind/16/name = &"IndexFinger2_L"
bind/16/bone = -1
bind/16/pose = Transform3D(0.0405933, 0.0283865, 0.998772, 0.998772, -0.0295512, -0.0397533, 0.0283865, 0.99916, -0.0295512, -0.0539776, -0.528946, -1.31191)
bind/17/name = &"IndexFinger3_L"
bind/17/bone = -1
bind/17/pose = Transform3D(0.0405935, 0.0283865, 0.998772, 0.998772, -0.0295512, -0.0397535, 0.0283865, 0.99916, -0.0295512, -0.0539777, -0.546861, -1.31191)
bind/18/name = &"LittleFinger1_L"
bind/18/bone = -1
bind/18/pose = Transform3D(-2.35625e-07, 4.47035e-08, 1, 1, 7.45058e-08, 3.17115e-07, -2.23517e-08, 1, -6.70552e-08, 0.0503732, -0.534807, -1.29671)
bind/19/name = &"LittleFinger2_L"
bind/19/bone = -1
bind/19/pose = Transform3D(-2.35058e-07, -2.29174e-14, 1, 1, 5.21541e-08, 3.16549e-07, 5.25396e-15, 1, -2.23518e-08, 0.0503732, -0.562305, -1.29671)
bind/20/name = &"LittleFinger3_L"
bind/20/bone = -1
bind/20/pose = Transform3D(-4.70116e-07, 1.52466e-20, 1, 1, 5.21541e-08, 5.51606e-07, 1.05079e-14, 1, -2.23518e-08, 0.0503733, -0.578154, -1.29671)
bind/21/name = &"MiddleFinger1_L"
bind/21/bone = -1
bind/21/pose = Transform3D(-5.69956e-07, 3.71039e-06, 1, 1, -3.62843e-06, 6.55665e-07, 3.68059e-06, 1, -3.74764e-06, 0.021542, -0.539414, -1.29671)
bind/22/name = &"MiddleFinger2_L"
bind/22/bone = -1
bind/22/pose = Transform3D(1.49063e-06, -5.96238e-06, 1, 1, 6.01455e-06, -1.4049e-06, -5.96238e-06, 1, 5.92514e-06, 0.0215533, -0.571835, -1.29671)
bind/23/name = &"MiddleFinger3_L"
bind/23/bone = -1
bind/23/pose = Transform3D(1.21115e-06, -5.96238e-06, 1, 1, 6.01455e-06, -1.12542e-06, -5.96238e-06, 1, 5.92513e-06, 0.0215535, -0.591829, -1.29671)
bind/24/name = &"RingFinger1_L"
bind/24/bone = -1
bind/24/pose = Transform3D(4.99654e-07, 5.21541e-08, 1, 1, 4.47035e-08, -4.12576e-07, 7.45054e-09, 1, -7.45058e-08, 0.0359813, -0.538758, -1.29671)
bind/25/name = &"RingFinger2_L"
bind/25/bone = -1
bind/25/pose = Transform3D(-2.14675e-07, -6.87111e-06, 1, 1, 6.92327e-06, 3.01801e-07, -6.87111e-06, 1, 6.84875e-06, 0.0359907, -0.56883, -1.29671)
bind/26/name = &"RingFinger3_L"
bind/26/bone = -1
bind/26/pose = Transform3D(-2.14675e-07, -6.87111e-06, 1, 1, 6.92327e-06, 3.01801e-07, -6.87111e-06, 1, 6.84875e-06, 0.0359907, -0.586179, -1.29671)
bind/27/name = &"Thumb0_L"
bind/27/bone = -1
bind/27/pose = Transform3D(-0.663674, 0.09927, 0.741406, 0.741406, -0.044239, 0.669597, 0.09927, 0.994077, -0.0442391, 0.200788, -0.296675, -1.32204)
bind/28/name = &"Thumb1_L"
bind/28/bone = -1
bind/28/pose = Transform3D(-0.634212, 0.072296, 0.769771, 0.769771, -0.034054, 0.63741, 0.072296, 0.996802, -0.034054, 0.219565, -0.365432, -1.31182)
bind/29/name = &"Thumb2_L"
bind/29/bone = -1
bind/29/pose = Transform3D(-0.634212, 0.072296, 0.769771, 0.769771, -0.034054, 0.63741, 0.0722961, 0.996802, -0.034054, 0.219565, -0.391039, -1.31182)
bind/30/name = &"Right shoulder"
bind/30/bone = -1
bind/30/pose = Transform3D(0.0220684, -0.146907, -0.988904, -0.988904, -0.148555, 2.08616e-07, -0.146906, 0.977932, -0.148555, 0.167855, 0.173319, -1.27753)
bind/31/name = &"Right arm"
bind/31/bone = -1
bind/31/pose = Transform3D(-1.86264e-07, 1.49012e-08, -1, -1, 4.47035e-08, 2.40281e-07, 5.55111e-15, 1, 2.98023e-08, -0.0237905, -0.0841432, -1.2901)
bind/32/name = &"Right elbow"
bind/32/bone = -1
bind/32/pose = Transform3D(-0.00184869, 1.24675e-05, -0.999998, -0.999998, 1.24892e-05, 0.00184874, 1.24675e-05, 1, 1.24593e-05, -0.0243422, -0.289757, -1.2901)
bind/33/name = &"Right wrist"
bind/33/bone = -1
bind/33/pose = Transform3D(0.0261175, 0.0741944, -0.996902, -0.996902, 0.0759482, -0.0204651, 0.0741944, 0.994348, 0.0759481, -0.10651, -0.57834, -1.24532)
bind/34/name = &"IndexFinger1_R"
bind/34/bone = -1
bind/34/pose = Transform3D(0.0205055, -2.3722e-08, -0.99979, -0.999789, 6.65828e-08, -0.0205055, 1.50508e-08, 1, -7.14346e-09, 0.00575828, -0.538634, -1.29671)
bind/35/name = &"IndexFinger2_R"
bind/35/bone = -1
bind/35/pose = Transform3D(0.0405932, -0.0283865, -0.998772, -0.998772, -0.0295512, -0.0397532, -0.0283865, 0.99916, -0.0295512, 0.0539776, -0.528946, -1.31191)
bind/36/name = &"IndexFinger3_R"
bind/36/bone = -1
bind/36/pose = Transform3D(0.0405934, -0.0283865, -0.998772, -0.998772, -0.0295512, -0.0397534, -0.0283865, 0.99916, -0.0295512, 0.0539777, -0.546861, -1.31191)
bind/37/name = &"LittleFinger1_R"
bind/37/bone = -1
bind/37/pose = Transform3D(-3.00817e-07, -2.98023e-08, -1, -1, 4.47035e-08, 3.54834e-07, -1.49012e-08, 1, -1.49012e-08, -0.0503731, -0.534807, -1.29671)
bind/38/name = &"LittleFinger2_R"
bind/38/bone = -1
bind/38/pose = Transform3D(-7.05174e-07, 6.5045e-15, -1, -1, 5.96047e-08, 7.5919e-07, 1.22842e-14, 1, 1.49011e-08, -0.0503734, -0.562305, -1.29671)
bind/39/name = &"LittleFinger3_R"
bind/39/bone = -1
bind/39/pose = Transform3D(-4.70116e-07, 0, -1, -1, 5.96047e-08, 5.24132e-07, 7.00526e-15, 1, 1.49011e-08, -0.0503732, -0.578154, -1.29671)
bind/40/name = &"MiddleFinger1_R"
bind/40/bone = -1
bind/40/pose = Transform3D(-7.95336e-07, -3.70294e-06, -1, -1, -3.60608e-06, 8.54967e-07, -3.65079e-06, 1, -3.70294e-06, -0.021542, -0.539414, -1.29671)
bind/41/name = &"MiddleFinger2_R"
bind/41/bone = -1
bind/41/pose = Transform3D(1.30431e-06, 5.96238e-06, -1, -1, 6.0071e-06, -1.24465e-06, 5.96238e-06, 1, 5.96239e-06, -0.0215533, -0.571835, -1.29671)
bind/42/name = &"MiddleFinger3_R"
bind/42/bone = -1
bind/42/pose = Transform3D(1.02482e-06, 5.96238e-06, -1, -1, 6.0071e-06, -9.65168e-07, 5.96238e-06, 1, 5.96239e-06, -0.0215535, -0.591829, -1.29671)
bind/43/name = &"RingFinger1_R"
bind/43/bone = -1
bind/43/pose = Transform3D(4.99654e-07, -4.47035e-08, -1, -1, 3.72529e-08, -4.4005e-07, -1.49011e-08, 1, -2.98023e-08, -0.0359813, -0.538758, -1.29671)
bind/44/name = &"RingFinger2_R"
bind/44/bone = -1
bind/44/pose = Transform3D(-6.44119e-07, 6.87111e-06, -1, -1, 6.92326e-06, 7.03771e-07, 6.87111e-06, 1, 6.88601e-06, -0.0359909, -0.56883, -1.29671)
bind/45/name = &"RingFinger3_R"
bind/45/bone = -1
bind/45/pose = Transform3D(-2.14675e-07, 6.87111e-06, -1, -1, 6.92326e-06, 2.74327e-07, 6.87111e-06, 1, 6.886e-06, -0.0359906, -0.586179, -1.29671)
bind/46/name = &"Thumb0_R"
bind/46/bone = -1
bind/46/pose = Transform3D(-0.663674, -0.09927, -0.741406, -0.741406, -0.044239, 0.669597, -0.09927, 0.994077, -0.044239, -0.200788, -0.296675, -1.32204)
bind/47/name = &"Thumb1_R"
bind/47/bone = -1
bind/47/pose = Transform3D(-0.634212, -0.072296, -0.769771, -0.769771, -0.0340539, 0.637411, -0.072296, 0.996802, -0.034054, -0.219565, -0.365432, -1.31182)
bind/48/name = &"Thumb2_R"
bind/48/bone = -1
bind/48/pose = Transform3D(-0.634212, -0.072296, -0.769772, -0.769772, -0.034054, 0.63741, -0.072296, 0.996802, -0.034054, -0.219565, -0.391039, -1.31182)
bind/49/name = &"Left leg"
bind/49/bone = -1
bind/49/pose = Transform3D(1, -3.7979e-08, -3.90122e-08, -3.90119e-08, -0.99964, -0.0268267, -3.79801e-08, 0.0268267, -0.99964, -0.0688542, 0.905443, -0.0241673)
bind/50/name = &"J_Sec_L_SkirtBack_01"
bind/50/bone = -1
bind/50/pose = Transform3D(0.993565, 0.0741739, 0.0855935, 0.0855935, -0.98665, -0.138551, 0.0741739, 0.144986, -0.986649, -0.121895, 0.832762, -0.231068)
bind/51/name = &"J_Sec_L_SkirtFront_01"
bind/51/bone = -1
bind/51/pose = Transform3D(0.994114, 0.0761478, 0.0770612, 0.0770613, -0.996986, -0.00894555, 0.0761478, 0.0148313, -0.996986, -0.133654, 0.84037, 0.0895282)
bind/52/name = &"J_Sec_L_SkirtSide_01"
bind/52/bone = -1
bind/52/pose = Transform3D(0.949532, 0.207319, 0.235387, 0.235387, -0.966961, -0.097873, 0.207319, 0.14834, -0.966961, -0.33234, 0.798761, -0.15852)
bind/53/name = &"Left knee"
bind/53/bone = -1
bind/53/pose = Transform3D(1, -1.63828e-08, -1.73116e-08, -1.73116e-08, -0.998482, -0.0550848, -1.63836e-08, 0.0550848, -0.998482, -0.0688542, 0.522585, -0.038961)
bind/54/name = &"Left ankle"
bind/54/bone = -1
bind/54/pose = Transform3D(1, 4.6585e-07, 1.34336e-07, 1.34337e-07, -0.532458, 0.846457, 4.6585e-07, -0.846457, -0.532458, -0.0688543, 0.0787923, 0.0617351)
bind/55/name = &"Left toe"
bind/55/bone = -1
bind/55/pose = Transform3D(1, 4.6585e-07, 1.34336e-07, 1.34337e-07, -0.532458, 0.846457, 4.6585e-07, -0.846457, -0.532458, -0.0688543, -0.0321323, 0.0617351)
bind/56/name = &"Right leg"
bind/56/bone = -1
bind/56/pose = Transform3D(1, 3.7979e-08, 3.90118e-08, 3.90119e-08, -0.99964, -0.0268269, 3.7979e-08, 0.0268269, -0.99964, 0.0688542, 0.905443, -0.0241674)
bind/57/name = &"J_Sec_R_SkirtBack_01"
bind/57/bone = -1
bind/57/pose = Transform3D(0.996226, -0.0567751, -0.0656456, -0.0656456, -0.987687, -0.142003, -0.0567751, 0.145777, -0.987687, 0.109076, 0.834642, -0.230692)
bind/58/name = &"J_Sec_R_SkirtFront_01"
bind/58/bone = -1
bind/58/pose = Transform3D(0.994466, -0.0738823, -0.0746923, -0.0746923, -0.997174, -0.00810526, -0.0738823, 0.0136393, -0.997174, 0.131309, 0.840577, 0.0907824)
bind/59/name = &"J_Sec_R_SkirtSide_01"
bind/59/bone = -1
bind/59/pose = Transform3D(0.949534, -0.207317, -0.235384, -0.235384, -0.966962, -0.0978736, -0.207316, 0.14834, -0.966962, 0.332338, 0.798762, -0.158519)
bind/60/name = &"Right knee"
bind/60/bone = -1
bind/60/pose = Transform3D(1, -1.08253e-15, 3.49839e-15, 1.2467e-15, -0.998482, -0.0550848, 5.68611e-14, 0.0550848, -0.998482, 0.0688542, 0.522585, -0.0389611)
bind/61/name = &"Right ankle"
bind/61/bone = -1
bind/61/pose = Transform3D(1, -4.2498e-22, -5.17501e-22, -4.55828e-14, -0.532458, 0.846457, 2.77227e-14, -0.846457, -0.532458, 0.0688542, 0.0787923, 0.061735)
bind/62/name = &"Right toe"
bind/62/bone = -1
bind/62/pose = Transform3D(1, 4.58727e-28, 3.13764e-28, -4.55828e-14, -0.532458, 0.846457, 2.77227e-14, -0.846457, -0.532458, 0.0688542, -0.0321324, 0.061735)

[sub_resource type="AudioStreamRandomizer" id="AudioStreamRandomizer_uf7wj"]
streams_count = 4
stream_0/stream = ExtResource("5_k6pbt")
stream_0/weight = 1.0
stream_1/stream = ExtResource("6_vi622")
stream_1/weight = 1.0
stream_2/stream = ExtResource("7_scfgg")
stream_2/weight = 1.0
stream_3/stream = ExtResource("8_uax0j")
stream_3/weight = 1.0

[sub_resource type="CapsuleShape3D" id="CapsuleShape3D_ywu5r"]
radius = 0.2
height = 1.6

[sub_resource type="CameraAttributesPhysical" id="CameraAttributesPhysical_21qsg"]
frustum_focus_distance = 2.5
frustum_focal_length = 50.0

[sub_resource type="Animation" id="Animation_ymjy6"]
length = 0.001
tracks/0/type = "value"
tracks/0/imported = false
tracks/0/enabled = true
tracks/0/path = NodePath("Kira/Skeleton3D/Body/footstep:playing")
tracks/0/interp = 1
tracks/0/loop_wrap = true
tracks/0/keys = {
"times": PackedFloat32Array(0),
"transitions": PackedFloat32Array(1),
"update": 1,
"values": [false]
}

[sub_resource type="Animation" id="Animation_j8wwv"]
resource_name = "holding flashlight-loop"
length = 1.33333
loop_mode = 1
tracks/0/type = "position_3d"
tracks/0/imported = true
tracks/0/enabled = true
tracks/0/path = NodePath("Kira/Skeleton3D:Hips")
tracks/0/interp = 1
tracks/0/loop_wrap = true
tracks/0/keys = PackedFloat32Array(0, 1, -1.35922e-07, 0.924378, -2.99447e-07)
tracks/1/type = "rotation_3d"
tracks/1/imported = true
tracks/1/enabled = true
tracks/1/path = NodePath("Kira/Skeleton3D:Hips")
tracks/1/interp = 1
tracks/1/loop_wrap = true
tracks/1/keys = PackedFloat32Array(0, 1, 0, 0, 0, 1)
tracks/2/type = "scale_3d"
tracks/2/imported = true
tracks/2/enabled = true
tracks/2/path = NodePath("Kira/Skeleton3D:Hips")
tracks/2/interp = 1
tracks/2/loop_wrap = true
tracks/2/keys = PackedFloat32Array(0, 1, 0.99998, 0.99998, 0.99998)
tracks/3/type = "position_3d"
tracks/3/imported = true
tracks/3/enabled = true
tracks/3/path = NodePath("Kira/Skeleton3D:Spine")
tracks/3/interp = 1
tracks/3/loop_wrap = true
tracks/3/keys = PackedFloat32Array(0, 1, 1.34358e-09, 0.0579734, 0.0153687)
tracks/4/type = "rotation_3d"
tracks/4/imported = true
tracks/4/enabled = true
tracks/4/path = NodePath("Kira/Skeleton3D:Spine")
tracks/4/interp = 1
tracks/4/loop_wrap = true
tracks/4/keys = PackedFloat32Array(0, 1, 0.0134936, 4.53181e-06, 7.82504e-07, 0.999909, 0.266667, 1, 0.0146733, 4.53182e-06, 7.82507e-07, 0.999892, 0.4, 1, 0.015917, 4.53182e-06, 7.82509e-07, 0.999873, 0.533333, 1, 0.0170034, 4.53181e-06, 7.82509e-07, 0.999855, 0.966667, 1, 0.015781, 4.53106e-06, 7.86122e-07, 0.999875, 1.1, 1, 0.0146187, 4.53106e-06, 7.8612e-07, 0.999893, 1.26667, 1, 0.0136141, 4.53105e-06, 7.86118e-07, 0.999907, 1.33333, 1, 0.0134936, 4.53181e-06, 7.82504e-07, 0.999909)
tracks/5/type = "scale_3d"
tracks/5/imported = true
tracks/5/enabled = true
tracks/5/path = NodePath("Kira/Skeleton3D:Spine")
tracks/5/interp = 1
tracks/5/loop_wrap = true
tracks/5/keys = PackedFloat32Array(0, 1, 1, 1, 1)
tracks/6/type = "position_3d"
tracks/6/imported = true
tracks/6/enabled = true
tracks/6/path = NodePath("Kira/Skeleton3D:Chest")
tracks/6/interp = 1
tracks/6/loop_wrap = true
tracks/6/keys = PackedFloat32Array(0, 1, -5.91884e-08, 0.106505, -1.31433e-05)
tracks/7/type = "rotation_3d"
tracks/7/imported = true
tracks/7/enabled = true
tracks/7/path = NodePath("Kira/Skeleton3D:Chest")
tracks/7/interp = 1
tracks/7/loop_wrap = true
tracks/7/keys = PackedFloat32Array(0, 1, -0.121894, 9.72481e-09, 9.75348e-09, 0.992543)
tracks/8/type = "scale_3d"
tracks/8/imported = true
tracks/8/enabled = true
tracks/8/path = NodePath("Kira/Skeleton3D:Chest")
tracks/8/interp = 1
tracks/8/loop_wrap = true
tracks/8/keys = PackedFloat32Array(0, 1, 1, 1, 1)
tracks/9/type = "position_3d"
tracks/9/imported = true
tracks/9/enabled = true
tracks/9/path = NodePath("Kira/Skeleton3D:Breast_L")
tracks/9/interp = 1
tracks/9/loop_wrap = true
tracks/9/keys = PackedFloat32Array(0, 1, 0.0491662, 0.0813076, 0.0703829)
tracks/10/type = "scale_3d"
tracks/10/imported = true
tracks/10/enabled = true
tracks/10/path = NodePath("Kira/Skeleton3D:Breast_L")
tracks/10/interp = 1
tracks/10/loop_wrap = true
tracks/10/keys = PackedFloat32Array(0, 1, 0.999995, 1.00001, 1.00002)
tracks/11/type = "position_3d"
tracks/11/imported = true
tracks/11/enabled = true
tracks/11/path = NodePath("Kira/Skeleton3D:Breast_R")
tracks/11/interp = 1
tracks/11/loop_wrap = true
tracks/11/keys = PackedFloat32Array(0, 1, -0.0491662, 0.0813076, 0.0703829)
tracks/12/type = "scale_3d"
tracks/12/imported = true
tracks/12/enabled = true
tracks/12/path = NodePath("Kira/Skeleton3D:Breast_R")
tracks/12/interp = 1
tracks/12/loop_wrap = true
tracks/12/keys = PackedFloat32Array(0, 1, 0.999994, 1.00002, 1.00002)
tracks/13/type = "position_3d"
tracks/13/imported = true
tracks/13/enabled = true
tracks/13/path = NodePath("Kira/Skeleton3D:Neck")
tracks/13/interp = 1
tracks/13/loop_wrap = true
tracks/13/keys = PackedFloat32Array(0, 1, -9.1771e-09, 0.231486, 1.39158e-05)
tracks/14/type = "rotation_3d"
tracks/14/imported = true
tracks/14/enabled = true
tracks/14/path = NodePath("Kira/Skeleton3D:Neck")
tracks/14/interp = 1
tracks/14/loop_wrap = true
tracks/14/keys = PackedFloat32Array(0, 1, 0.172425, -1.63384e-08, -1.70117e-08, 0.985023)
tracks/15/type = "position_3d"
tracks/15/imported = true
tracks/15/enabled = true
tracks/15/path = NodePath("Kira/Skeleton3D:Head")
tracks/15/interp = 1
tracks/15/loop_wrap = true
tracks/15/keys = PackedFloat32Array(0, 1, -3.3612e-08, 0.0698782, -9.86825e-06)
tracks/16/type = "rotation_3d"
tracks/16/imported = true
tracks/16/enabled = true
tracks/16/path = NodePath("Kira/Skeleton3D:Head")
tracks/16/interp = 1
tracks/16/loop_wrap = true
tracks/16/keys = PackedFloat32Array(0, 1, -0.064538, 8.18965e-09, 8.18965e-09, 0.997915)
tracks/17/type = "scale_3d"
tracks/17/imported = true
tracks/17/enabled = true
tracks/17/path = NodePath("Kira/Skeleton3D:Head")
tracks/17/interp = 1
tracks/17/loop_wrap = true
tracks/17/keys = PackedFloat32Array(0, 1, 1, 1.00002, 1.00002)
tracks/18/type = "position_3d"
tracks/18/imported = true
tracks/18/enabled = true
tracks/18/path = NodePath("Kira/Skeleton3D:Eye_L")
tracks/18/interp = 1
tracks/18/loop_wrap = true
tracks/18/keys = PackedFloat32Array(0, 1, 0.00891349, 0.0608431, 0.0236741)
tracks/19/type = "scale_3d"
tracks/19/imported = true
tracks/19/enabled = true
tracks/19/path = NodePath("Kira/Skeleton3D:Eye_L")
tracks/19/interp = 1
tracks/19/loop_wrap = true
tracks/19/keys = PackedFloat32Array(0, 1, 1, 0.999989, 0.99999)
tracks/20/type = "position_3d"
tracks/20/imported = true
tracks/20/enabled = true
tracks/20/path = NodePath("Kira/Skeleton3D:Eye_R")
tracks/20/interp = 1
tracks/20/loop_wrap = true
tracks/20/keys = PackedFloat32Array(0, 1, -0.00891285, 0.0608431, 0.0236741)
tracks/21/type = "scale_3d"
tracks/21/imported = true
tracks/21/enabled = true
tracks/21/path = NodePath("Kira/Skeleton3D:Eye_R")
tracks/21/interp = 1
tracks/21/loop_wrap = true
tracks/21/keys = PackedFloat32Array(0, 1, 1, 0.999989, 0.99999)
tracks/22/type = "position_3d"
tracks/22/imported = true
tracks/22/enabled = true
tracks/22/path = NodePath("Kira/Skeleton3D:Left shoulder")
tracks/22/interp = 1
tracks/22/loop_wrap = true
tracks/22/keys = PackedFloat32Array(0, 1, 0.0199857, 0.205314, 0.00230974)
tracks/23/type = "rotation_3d"
tracks/23/imported = true
tracks/23/enabled = true
tracks/23/path = NodePath("Kira/Skeleton3D:Left shoulder")
tracks/23/interp = 1
tracks/23/loop_wrap = true
tracks/23/keys = PackedFloat32Array(0, 1, -0.52469, -0.437897, -0.545168, 0.485529)
tracks/24/type = "scale_3d"
tracks/24/imported = true
tracks/24/enabled = true
tracks/24/path = NodePath("Kira/Skeleton3D:Left shoulder")
tracks/24/interp = 1
tracks/24/loop_wrap = true
tracks/24/keys = PackedFloat32Array(0, 1, 1.00002, 1.00001, 1.00001)
tracks/25/type = "rotation_3d"
tracks/25/imported = true
tracks/25/enabled = true
tracks/25/path = NodePath("Kira/Skeleton3D:Left arm")
tracks/25/interp = 1
tracks/25/loop_wrap = true
tracks/25/keys = PackedFloat32Array(0, 1, -0.55557, 0.0118288, 0.0518445, 0.829768)
tracks/26/type = "rotation_3d"
tracks/26/imported = true
tracks/26/enabled = true
tracks/26/path = NodePath("Kira/Skeleton3D:Left elbow")
tracks/26/interp = 1
tracks/26/loop_wrap = true
tracks/26/keys = PackedFloat32Array(0, 1, 0.0107565, 0.0688408, -0.145974, 0.986832)
tracks/27/type = "position_3d"
tracks/27/imported = true
tracks/27/enabled = true
tracks/27/path = NodePath("Kira/Skeleton3D:Left wrist")
tracks/27/interp = 1
tracks/27/loop_wrap = true
tracks/27/keys = PackedFloat32Array(0, 1, -2.64976e-06, 0.19158, -1.19523e-05)
tracks/28/type = "rotation_3d"
tracks/28/imported = true
tracks/28/enabled = true
tracks/28/path = NodePath("Kira/Skeleton3D:Left wrist")
tracks/28/interp = 1
tracks/28/loop_wrap = true
tracks/28/keys = PackedFloat32Array(0, 1, 0.0375305, 0.0376229, 0.0125894, 0.998508)
tracks/29/type = "scale_3d"
tracks/29/imported = true
tracks/29/enabled = true
tracks/29/path = NodePath("Kira/Skeleton3D:Left wrist")
tracks/29/interp = 1
tracks/29/loop_wrap = true
tracks/29/keys = PackedFloat32Array(0, 1, 1, 1, 0.999983)
tracks/30/type = "rotation_3d"
tracks/30/imported = true
tracks/30/enabled = true
tracks/30/path = NodePath("Kira/Skeleton3D:IndexFinger1_L")
tracks/30/interp = 1
tracks/30/loop_wrap = true
tracks/30/keys = PackedFloat32Array(0, 1, -0.245624, -0.0360896, -0.00916162, 0.96865)
tracks/31/type = "scale_3d"
tracks/31/imported = true
tracks/31/enabled = true
tracks/31/path = NodePath("Kira/Skeleton3D:IndexFinger1_L")
tracks/31/interp = 1
tracks/31/loop_wrap = true
tracks/31/keys = PackedFloat32Array(0, 1, 0.999985, 0.999986, 1.00002)
tracks/32/type = "rotation_3d"
tracks/32/imported = true
tracks/32/enabled = true
tracks/32/path = NodePath("Kira/Skeleton3D:IndexFinger2_L")
tracks/32/interp = 1
tracks/32/loop_wrap = true
tracks/32/keys = PackedFloat32Array(0, 1, -0.223101, -0.0160807, 0.00663173, 0.97464)
tracks/33/type = "scale_3d"
tracks/33/imported = true
tracks/33/enabled = true
tracks/33/path = NodePath("Kira/Skeleton3D:IndexFinger2_L")
tracks/33/interp = 1
tracks/33/loop_wrap = true
tracks/33/keys = PackedFloat32Array(0, 1, 1.00001, 1.00001, 1.00001)
tracks/34/type = "rotation_3d"
tracks/34/imported = true
tracks/34/enabled = true
tracks/34/path = NodePath("Kira/Skeleton3D:IndexFinger3_L")
tracks/34/interp = 1
tracks/34/loop_wrap = true
tracks/34/keys = PackedFloat32Array(0, 1, -0.208793, 3.4436e-07, 6.68135e-07, 0.97796)
tracks/35/type = "rotation_3d"
tracks/35/imported = true
tracks/35/enabled = true
tracks/35/path = NodePath("Kira/Skeleton3D:LittleFinger1_L")
tracks/35/interp = 1
tracks/35/loop_wrap = true
tracks/35/keys = PackedFloat32Array(0, 1, -0.245235, -0.0343299, -0.0192586, 0.968664)
tracks/36/type = "scale_3d"
tracks/36/imported = true
tracks/36/enabled = true
tracks/36/path = NodePath("Kira/Skeleton3D:LittleFinger1_L")
tracks/36/interp = 1
tracks/36/loop_wrap = true
tracks/36/keys = PackedFloat32Array(0, 1, 0.999994, 0.999995, 1.00002)
tracks/37/type = "rotation_3d"
tracks/37/imported = true
tracks/37/enabled = true
tracks/37/path = NodePath("Kira/Skeleton3D:LittleFinger2_L")
tracks/37/interp = 1
tracks/37/loop_wrap = true
tracks/37/keys = PackedFloat32Array(0, 1, -0.208793, 4.12248e-07, 3.37301e-07, 0.97796)
tracks/38/type = "rotation_3d"
tracks/38/imported = true
tracks/38/enabled = true
tracks/38/path = NodePath("Kira/Skeleton3D:LittleFinger3_L")
tracks/38/interp = 1
tracks/38/loop_wrap = true
tracks/38/keys = PackedFloat32Array(0, 1, -0.208793, 2.32143e-07, 8.08803e-07, 0.97796)
tracks/39/type = "rotation_3d"
tracks/39/imported = true
tracks/39/enabled = true
tracks/39/path = NodePath("Kira/Skeleton3D:MiddleFinger1_L")
tracks/39/interp = 1
tracks/39/loop_wrap = true
tracks/39/keys = PackedFloat32Array(0, 1, -0.26031, -0.0340274, -0.0197922, 0.964722)
tracks/40/type = "scale_3d"
tracks/40/imported = true
tracks/40/enabled = true
tracks/40/path = NodePath("Kira/Skeleton3D:MiddleFinger1_L")
tracks/40/interp = 1
tracks/40/loop_wrap = true
tracks/40/keys = PackedFloat32Array(0, 1, 0.999994, 0.999988, 0.999999)
tracks/41/type = "rotation_3d"
tracks/41/imported = true
tracks/41/enabled = true
tracks/41/path = NodePath("Kira/Skeleton3D:MiddleFinger2_L")
tracks/41/interp = 1
tracks/41/loop_wrap = true
tracks/41/keys = PackedFloat32Array(0, 1, -0.188827, 5.20541e-06, 2.97583e-06, 0.98201)
tracks/42/type = "position_3d"
tracks/42/imported = true
tracks/42/enabled = true
tracks/42/path = NodePath("Kira/Skeleton3D:MiddleFinger3_L")
tracks/42/interp = 1
tracks/42/loop_wrap = true
tracks/42/keys = PackedFloat32Array(0, 1, -4.9769e-07, 0.0199604, -0.000183608)
tracks/43/type = "rotation_3d"
tracks/43/imported = true
tracks/43/enabled = true
tracks/43/path = NodePath("Kira/Skeleton3D:MiddleFinger3_L")
tracks/43/interp = 1
tracks/43/loop_wrap = true
tracks/43/keys = PackedFloat32Array(0, 1, -0.28643, 8.8628e-08, 4.69754e-07, 0.958101)
tracks/44/type = "rotation_3d"
tracks/44/imported = true
tracks/44/enabled = true
tracks/44/path = NodePath("Kira/Skeleton3D:RingFinger1_L")
tracks/44/interp = 1
tracks/44/loop_wrap = true
tracks/44/keys = PackedFloat32Array(0, 1, -0.245235, -0.0343301, -0.0192575, 0.968664)
tracks/45/type = "scale_3d"
tracks/45/imported = true
tracks/45/enabled = true
tracks/45/path = NodePath("Kira/Skeleton3D:RingFinger1_L")
tracks/45/interp = 1
tracks/45/loop_wrap = true
tracks/45/keys = PackedFloat32Array(0, 1, 0.999994, 0.999995, 1.00002)
tracks/46/type = "rotation_3d"
tracks/46/imported = true
tracks/46/enabled = true
tracks/46/path = NodePath("Kira/Skeleton3D:RingFinger2_L")
tracks/46/interp = 1
tracks/46/loop_wrap = true
tracks/46/keys = PackedFloat32Array(0, 1, -0.200603, 3.96771e-06, 3.32152e-07, 0.979673)
tracks/47/type = "position_3d"
tracks/47/imported = true
tracks/47/enabled = true
tracks/47/path = NodePath("Kira/Skeleton3D:RingFinger3_L")
tracks/47/interp = 1
tracks/47/loop_wrap = true
tracks/47/keys = PackedFloat32Array(0, 1, -3.07326e-07, 0.0173463, -0.000285072)
tracks/48/type = "rotation_3d"
tracks/48/imported = true
tracks/48/enabled = true
tracks/48/path = NodePath("Kira/Skeleton3D:RingFinger3_L")
tracks/48/interp = 1
tracks/48/loop_wrap = true
tracks/48/keys = PackedFloat32Array(0, 1, -0.208588, 4.87559e-07, 8.53231e-07, 0.978004)
tracks/49/type = "position_3d"
tracks/49/imported = true
tracks/49/enabled = true
tracks/49/path = NodePath("Kira/Skeleton3D:Thumb0_L")
tracks/49/interp = 1
tracks/49/loop_wrap = true
tracks/49/keys = PackedFloat32Array(0, 1, 0.0154359, 0.00211237, -0.00802416)
tracks/50/type = "rotation_3d"
tracks/50/imported = true
tracks/50/enabled = true
tracks/50/path = NodePath("Kira/Skeleton3D:Thumb0_L")
tracks/50/interp = 1
tracks/50/loop_wrap = true
tracks/50/keys = PackedFloat32Array(0, 1, -0.0821854, -0.09708, -0.200909, 0.971317)
tracks/51/type = "rotation_3d"
tracks/51/imported = true
tracks/51/enabled = true
